6.073529599529877305e+06,1.113528186857124977e+07,4.213423088789124042e+06,3.302541595602705143e+06,6.810404669020544970e+05,1.197744129674244672e+06,1.193587891628368758e+06,1.873873238028587308e+06,2.905807175741359591e+06,1.629280863361432683e+06,2.999501728410054930e+06,2.640807058666601777e+06,7.292753974473165581e+05,2.474226618053349666e+05,1.254682637323909206e+06
5.233915647509329021e+06,1.016667794356261753e+07,3.547831642935405951e+06,2.907852335339372978e+06,5.151272178305439302e+05,9.251940592013593996e+05,9.279095150809144834e+05,1.500181752422337653e+06,2.522576478129677474e+06,1.259280334409525618e+06,2.131538665963340085e+06,1.881522949238866102e+06,5.401673235225048847e+05,2.121916446600760682e+05,5.248405808991370723e+05
3.025017810941489413e+06,5.109300355465363711e+06,2.083335671269606100e+06,1.564990139136163983e+06,2.945076708982434357e+05,6.634035430676206015e+05,6.603602908244893188e+05,9.753113720970995491e+05,1.572466420625571162e+06,7.909213850176479900e+05,1.358922884223273490e+06,1.144884998632500879e+06,2.262669198958485213e+05,4.304617856867986848e+04,3.773823833190191071e+05
1.197760306206016568e+06,3.867972232288061641e+06,4.898113657160347793e+05,5.278057700073240558e+05,3.832229921587846184e+04,1.434061939241968212e+05,1.431534619004433916e+05,2.063122390341074497e+05,4.184643704379126430e+05,1.786563245203102997e+05,3.912011781239492702e+05,3.694165641950782738e+05,7.337345376834244234e+04,1.272973727585395500e+04,1.234520816239001433e+05
